0.499971
0.499718
0.499979
0.500093
0.50039
-0.49963
0.499532
0.728075
-0.499902
-0.499709
-0.499985
0.500335
-0.5002
0.500025
0.500332
0.500064
0.499972
0.500331
0.500037
0.500036
0.603478
0.500063
0.499884
0.500126
0.500131
-0.499974
0.499885
0.499989
0.499639
0.500243
-0.500328
-0.499583
0.500387
-0.499859
0.537621
-0.500253
-0.5001
0.499822
-0.50004
0.500184
0.500139
-0.688329
-0.500422
-0.499698
-0.499936
-0.500453
-0.499532
0.551565
-0.499841
0.499515
0.499635
0.626431
0.679923
0.499918
-0.499618
-0.500122
0.499985
0.499956
-0.49995
0.500224
0.499998
0.500454
0.50005
-0.499889
0.499824
0.499555
-0.499863
0.500308
-0.500157
0.500156
0.500024
-0.500229
-0.499964
0.499806
0.500172
0.499697
0.499866
-0.500124
0.667088
0.50026
0.500076
0.499921
0.50013
-0.499884
0.499983
-0.500209
-0.500068
0.499977
0.499733
-0.499531
0.500009
0.864769
0.49966
0.499821
0.500123
0.500076
0.499928
0.499727
-0.499708
0.499974
-0.500239
-0.499779
0.499981
0.499835
0.499793
0.499978
-0.500036
0.620506
-0.500045
0.499898
0.499954
-0.500252
0.500019
-0.499502
0.499779
0.500381
-0.499851
0.499527
0.499699
-0.504284
0.500147
0.500001
-0.499967
-0.608374
0.500421
0.51927
0.500321
0.499874
0.499704
-0.500243
-0.500057
-0.499769
-0.500109
0.500388
-0.500055
0.500224
-0.500113
0.500101
-0.499861
0.500233
0.500014
0.499521
0.499599
0.499927
-0.500159
-0.500006
0.50034
0.499689
-0.500377
0.500061
-0.499715
-0.500385
-0.499503
0.499603
0.499799
0.500109
-0.500224
0.50011
-0.500194
-0.6206
-0.499984
-0.499896
0.499754
-0.499614
0.499919
0.499575
-0.499916
0.499939
0.499902
-0.499718
0.500074
0.608998
0.499786
0.499977
0.49994
-0.499664
0.499996
-0.500027
0.500282
0.499662
-0.655083
-0.499887
-0.500242
0.499887
-0.499774
0.500032
0.50025
0.499942
0.499809
0.500023
0.500211
0.499772
0.499945
0.499732
0.568362
0.66337
-0.500027
0.555678
-0.499495
0.499664
0.50037
-0.500246
0.49962
0.500231
0.499812
0.500118
-0.500367
-0.499608
-0.499717
0.562095
0.649918
-0.500237
0.507488
-0.499562
-0.500332
0.499686
0.499916
-0.50046
-0.499985
0.499894
-0.499637
0.499518
-0.500419
0.500072
-0.499741
-0.500082
-0.500036
0.499899
0.499898
0.499749
0.500133
0.500012
-0.50001
-0.500445
-0.499734
0.499749
0.500166
-0.500165
-0.500273
0.499591
-0.50006
0.500028
0.500323
0.499899
-0.500382
-0.499617
0.500442
-0.500095
-0.500017
0.500456
-0.499837
-0.500106
0.500331
0.49987
-0.499773
-0.499695
0.506709
-0.49949
-0.499504
0.499877
-0.499864
0.500395
0.499805
0.50005
0.561432
-0.500432
-0.591919
-0.499889
0.500147
0.499942
0.499677
0.500438
-0.499961
0.499836
0.500175
0.499663
0.499584
-0.766276
-0.499772
0.49983
0.500474
0.570979
-0.500044
0.500009
-0.500104
0.499985
0.499968
-0.499725
0.499903
0.499541
-0.500209
0.499742
-0.5001
0.499742
-0.500161
-0.500408
0.500047
0.499893
-0.499729
0.499877
-0.499557
-0.500059
-0.499793
-0.500436
-0.499602
-0.499658
-0.499668
0.500107
0.499755
0.499715
0.499898
0.500463
0.499975
0.50032
0.49997
0.499688
0.499948
0.500104
-0.49991
0.499937
0.500475
0.744455
-0.500026
-0.499558
0.4997
0.50006
-0.500127
-0.499655
-0.499971
-0.499817
0.499949
0.499988
-0.499629
0.49986
-0.499599
-0.500033
0.500061
-0.500478
-0.499952
0.499649
0.500139
-0.4996
-0.499864
0.499865
0.499683
-0.500006
-0.500474
0.499915
-0.499904
-0.499918
-0.50003
0.49963
0.500078
0.499997
0.851902
0.49997
0.499819
-0.500003
-0.499709
0.500064
0.499973
0.499785
-0.499835
-0.566019
-0.500353
0.499723
-0.50003
0.691169
0.500233
0.499909
0.499745
0.499962
0.500453
-0.500248
-0.499526
-0.499836
0.499822
-0.500442
0.500423
0.499947
0.776588
-0.500027
0.500336
-0.500147
-0.499948
0.500055
-0.499886
0.500004
0.499997
0.499613
-0.499792
0.500099
0.500069
0.499927
-0.499989
-0.499557
0.499821
0.500162
0.500381
0.499564
