0.5005
0.5005
0.5005
0.5005
0.5005
0.4985
0.5005
0.4995
0.4985
0.498501
0.4985
0.4995
0.4985
0.500499
0.5
0.5005
0.4995
0.4995
0.5005
0.5005
0.4995
0.4995
0.5005
0.5005
0.5005
0.4985
0.5005
0.5005
0.5005
0.5005
0.4985
0.4985
0.5005
0.4985
0.5
0.4985
0.4985
0.5005
0.4985
0.5005
0.4995
0.4985
0.4985
0.4985
0.498501
0.4985
0.4985
0.4995
0.4985
0.5005
0.499504
0.4995
0.4995
0.4995
0.4985
0.4985
0.5005
0.5005
0.4985
0.499503
0.5005
0.4995
0.5005
0.4985
0.5005
0.5005
0.4985
0.4995
0.4985
0.4995
0.5005
0.4985
0.4985
0.5005
0.5005
0.5
0.500498
0.4985
0.4995
0.5005
0.5005
0.4995
0.5005
0.498503
0.5005
0.4985
0.4985
0.5005
0.5005
0.4985
0.5005
0.499502
0.4995
0.4995
0.5005
0.5005
0.5005
0.5005
0.4985
0.5005
0.4985
0.4985
0.5005
0.500499
0.5005
0.5005
0.498501
0.4995
0.4985
0.5005
0.5005
0.4985
0.5005
0.4985
0.5005
0.4995
0.4985
0.5005
0.5005
0.498498
0.4995
0.4995
0.4985
0.498499
0.5005
0.4995
0.5005
0.4995
0.4995
0.498499
0.4985
0.4985
0.4985
0.4995
0.4985
0.5005
0.4985
0.5005
0.4985
0.4995
0.5005
0.5
0.5005
0.5005
0.4985
0.4985
0.5005
0.4995
0.498501
0.5005
0.4985
0.498501
0.4985
0.5005
0.5005
0.4995
0.4985
0.4995
0.4985
0.4985
0.4985
0.4985
0.5005
0.4985
0.5005
0.4995
0.4985
0.5005
0.4995
0.498502
0.5005
0.499501
0.5005
0.5005
0.4995
0.4985
0.5005
0.4985
0.4995
0.5
0.4985
0.4985
0.4985
0.5005
0.4985
0.4995
0.5005
0.5005
0.5005
0.5005
0.5005
0.500499
0.500499
0.5005
0.4995
0.4995
0.498501
0.4995
0.4985
0.4995
0.4995
0.4985
0.5005
0.5005
0.5005
0.5005
0.4985
0.4985
0.498501
0.4995
0.4995
0.4985
0.4995
0.498502
0.4985
0.5005
0.5005
0.4985
0.4985
0.5005
0.4985
0.5
0.4985
0.5005
0.4985
0.4985
0.4985
0.500499
0.5005
0.5005
0.5005
0.5005
0.4985
0.4985
0.4985
0.500495
0.4995
0.4985
0.4985
0.5005
0.4985
0.5005
0.5005
0.5005
0.4985
0.4985
0.5005
0.4985
0.4985
0.5005
0.4985
0.498501
0.5005
0.4995
0.4985
0.4985
0.4995
0.4985
0.4985
0.5005
0.4985
0.5005
0.5005
0.5005
0.4995
0.4985
0.4985
0.4985
0.5005
0.4995
0.4995
0.5005
0.4985
0.5005
0.5005
0.5005
0.5005
0.4985
0.4985
0.5005
0.5005
0.4995
0.4985
0.5005
0.4985
0.5005
0.4995
0.4985
0.500499
0.4995
0.4985
0.5005
0.4985
0.5005
0.4985
0.4985
0.5005
0.4995
0.4985
0.4995
0.498501
0.4985
0.4985
0.4985
0.4985
0.4985
0.4985
0.5005
0.500499
0.4995
0.4995
0.4995
0.5005
0.5005
0.5005
0.5005
0.5005
0.5005
0.4985
0.500497
0.5005
0.4995
0.4985
0.4985
0.5005
0.5005
0.4985
0.498504
0.4985
0.4985
0.500499
0.5005
0.4985
0.5005
0.4985
0.4985
0.5005
0.4985
0.4985
0.5005
0.5005
0.4985
0.4985
0.5005
0.5005
0.4985
0.498532
0.4995
0.4985
0.4985
0.4985
0.5005
0.4995
0.499514
0.4995
0.5005
0.4995
0.4985
0.4985
0.5005
0.5005
0.500464
0.4985
0.4985
0.4985
0.4995
0.4985
0.4995
0.5005
0.5005
0.500499
0.4995
0.499501
0.4985
0.4985
0.4985
0.5
0.4985
0.5005
0.5005
0.499509
0.4985
0.4995
0.498505
0.4985
0.5005
0.4985
0.5005
0.5005
0.4995
0.4985
0.5005
0.4995
0.5005
0.4985
0.4985
0.5
0.4995
0.5005
0.5005
