0.500036
0.498427
0.500384
0.499993
0.499516
0.498355
0.500098
0.499703
0.499083
0.498805
0.497362
0.498372
0.49868
0.499906
0.500092
0.499043
0.499826
0.499821
0.500217
0.500141
0.499707
0.499951
0.50033
0.499594
0.500009
0.49922
0.499395
0.500122
0.500281
0.498519
0.496339
0.49599
0.500322
0.499538
0.499738
0.498707
0.499195
0.496462
0.498192
0.500008
0.499986
0.495682
0.496478
0.4992
0.499322
0.498937
0.495863
0.49991
0.499402
0.500378
0.499855
0.499903
0.499899
0.500176
0.496936
0.498197
0.499941
0.499459
0.498083
0.50012
0.499882
0.499766
0.499965
0.499047
0.500084
0.499773
0.499602
0.499918
0.498392
0.499837
0.499712
0.497668
0.495888
0.500172
0.499759
0.499644
0.500302
0.496839
0.499915
0.500256
0.498994
0.500183
0.499965
0.50005
0.498918
0.496008
0.497962
0.499903
0.500359
0.498875
0.500319
0.499978
0.499726
0.500221
0.500011
0.500314
0.500219
0.500146
0.498856
0.499757
0.498161
0.498837
0.499952
0.499956
0.500228
0.500353
0.496284
0.50046
0.49935
0.499773
0.499736
0.499356
0.50006
0.497155
0.499504
0.499456
0.496349
0.500067
0.500405
0.494307
0.500226
0.500089
0.498654
0.493955
0.499614
0.500076
0.500261
0.500217
0.49956
0.493879
0.495942
0.49829
0.497857
0.499781
0.498536
0.49588
0.496475
0.499878
0.498697
0.500282
0.500169
0.500025
0.495721
0.500222
0.496318
0.498366
0.499686
0.499991
0.499018
0.499898
0.499598
0.499488
0.49867
0.500241
0.499542
0.499709
0.498003
0.499893
0.498611
0.495374
0.498223
0.499296
0.500234
0.498847
0.499628
0.499674
0.499086
0.500382
0.499624
0.499431
0.499672
0.500167
0.500055
0.499798
0.499827
0.49762
0.500102
0.498463
0.500025
0.498593
0.495306
0.497575
0.498698
0.500216
0.499651
0.497663
0.500272
0.500041
0.499828
0.500088
0.499753
0.500022
0.498355
0.499912
0.499645
0.499891
0.499047
0.499771
0.498731
0.499669
0.500041
0.496585
0.499816
0.499811
0.500211
0.497688
0.498429
0.497276
0.499006
0.500003
0.499493
0.498959
0.499638
0.499476
0.496608
0.500206
0.499515
0.498248
0.499591
0.499639
0.496411
0.499901
0.495757
0.499689
0.498854
0.494562
0.498671
0.500063
0.500363
0.499967
0.499956
0.49973
0.498691
0.495896
0.499417
0.495421
0.500185
0.498469
0.498528
0.499862
0.498985
0.500381
0.499618
0.500066
0.49578
0.498805
0.499699
0.496861
0.496397
0.500079
0.499622
0.499335
0.499506
0.499724
0.496436
0.495668
0.499466
0.497447
0.497241
0.499788
0.4986
0.499673
0.498465
0.500286
0.500209
0.495598
0.49815
0.499135
0.499801
0.500291
0.499841
0.49736
0.498093
0.50013
0.50008
0.5004
0.499563
0.494717
0.498401
0.498277
0.500312
0.499956
0.499042
0.500084
0.499498
0.499899
0.499543
0.499279
0.499965
0.500433
0.499305
0.499734
0.498185
0.499903
0.49938
0.495422
0.499986
0.500244
0.499404
0.499861
0.499105
0.498156
0.498822
0.498532
0.49887
0.499086
0.498072
0.499691
0.496462
0.500116
0.500075
0.499632
0.500058
0.499985
0.500001
0.499913
0.500262
0.500116
0.498823
0.500234
0.49968
0.499897
0.499285
0.498805
0.500115
0.500309
0.49876
0.499043
0.498071
0.497132
0.499908
0.499823
0.498306
0.500165
0.498716
0.499371
0.499917
0.495419
0.498548
0.499968
0.500239
0.497072
0.498806
0.500168
0.499998
0.498199
0.499607
0.499834
0.498359
0.498365
0.496996
0.500265
0.500215
0.499932
0.500203
0.500338
0.49949
0.496864
0.498602
0.500061
0.500034
0.499453
0.49674
0.494371
0.498578
0.499967
0.498807
0.500054
0.500024
0.499767
0.499677
0.499571
0.500006
0.498406
0.499389
0.499314
0.499917
0.499141
0.49989
0.50004
0.500374
0.497857
0.499677
0.494638
0.498909
0.499975
0.498238
0.499671
0.496647
0.500206
0.499066
0.499836
0.500109
0.499796
0.497128
0.49898
0.500036
0.500106
0.500123
0.500068
