0.499584
0.45599
0.49987
0.499954
0.500421
-0.500248
0.500183
0.551605
-0.382392
-0.351245
-0.49999
0.50038
-0.499859
0.426277
0.499857
0.499934
0.500097
0.5
0.499974
0.500423
0.500065
0.499903
0.499515
0.500061
0.500026
-0.204217
0.245953
0.500083
0.500464
0.49981
-0.500006
-0.464296
0.499949
-0.050984
0.499609
-0.499996
-0.166906
0.0843213
-0.499715
0.50008
0.499982
-0.499807
-0.499955
-0.347604
0.0312874
-0.500047
-0.499713
0.500247
-0.175605
0.49999
0.50031
0.523037
0.570504
0.500031
-0.500476
-0.500196
0.499823
0.379271
-0.499572
0.499704
0.500341
0.49994
0.499834
-0.396604
0.500076
0.499824
-0.229859
0.500188
-0.500017
0.499901
0.500134
-0.500018
-0.499715
0.500063
0.500316
0.378316
0.499637
-0.499579
0.61762
0.499614
0.500129
0.50043
0.499729
0.306314
0.499755
-0.500191
-0.500432
0.500453
0.500094
-0.171135
0.499905
0.750922
0.500148
0.500011
0.500089
0.500119
0.499686
0.500108
-0.499912
0.499687
-0.499738
-0.455124
0.499553
0.500034
0.498514
0.499914
-0.424257
0.72576
-0.22698
0.500146
0.50018
-0.0398041
0.500171
-0.499599
0.500015
0.499852
-0.500056
0.499611
0.499812
-0.499569
0.539126
0.499507
-0.499889
-0.552384
0.499561
0.562321
0.500318
0.500203
0.500023
-0.50035
-0.500102
-0.499798
-0.499801
0.500215
-0.500255
0.0602743
-0.499554
0.444333
-0.436639
0.500378
0.49999
0.499654
0.0043166
0.500007
-0.499993
-0.500181
0.499802
0.500239
-0.236155
0.500391
0.0628592
0.0165036
-0.439645
0.499583
0.499985
0.500004
-0.49996
0.499574
-0.481264
-0.540454
-0.500273
-0.0985575
0.499952
-0.376018
0.435516
0.500005
-0.235109
0.517701
0.500108
-0.0106242
0.499992
0.512633
0.500254
0.499877
0.499867
-0.424321
0.499996
-0.500274
0.499882
0.500088
-0.628288
-0.499684
-0.499597
0.499953
0.0601892
0.492992
0.500153
0.500018
0.341507
0.500111
0.500207
0.500361
0.322794
0.499603
0.50155
0.616459
-0.206165
0.50005
-0.446118
0.50018
0.500111
-0.499627
0.500041
0.500017
0.500041
0.3726
-0.500296
-0.500502
-0.261046
0.577111
0.499977
-0.306801
0.499994
0.134705
-0.500197
0.500458
0.499665
-0.499999
-0.0890977
0.316791
-0.50015
0.500026
-0.499745
0.499584
-0.500281
-0.500058
-0.486928
0.50004
0.500029
0.500016
0.500408
0.500012
-0.500078
-0.500278
0.00533472
-0.301527
0.499989
-0.499513
-0.499996
0.500348
-0.427702
0.499923
0.499989
0.500104
-0.500041
-0.499877
0.468799
-0.500114
-0.500177
0.499606
0.0837005
-0.00207831
0.500203
0.500129
-0.50016
-0.5
0.499779
-0.500085
-0.500203
0.499768
-0.500044
0.500018
0.500289
0.500377
0.550853
-0.49997
-0.500159
-0.391984
0.499532
0.500336
0.500468
0.403817
-0.500025
0.499691
0.500014
0.499981
0.499996
-0.761301
-0.500105
0.499499
0.499732
0.50002
-0.316561
0.499826
-0.169691
0.50047
0.500187
-0.110504
0.440706
0.500429
-0.335767
0.500006
-0.500029
0.49984
-0.249593
-0.500252
0.499857
0.499978
0.115076
0.499937
-0.21842
-0.499965
-0.412448
-0.499834
-0.328037
-0.330951
-0.500256
0.499719
0.0934367
0.499941
0.49997
0.499978
0.49983
0.499974
0.499728
0.499983
0.500003
0.49991
-0.45714
0.500496
0.499937
0.659501
-0.184621
-0.500144
0.5
0.500126
-0.44272
-0.0597373
-0.500052
-0.499852
0.499958
0.499671
-0.500027
0.499988
-0.329335
0.0349311
0.500082
-0.500331
-0.499953
0.500199
0.499966
-0.500339
-0.499524
0.500367
0.499963
-0.499861
0.128325
0.500155
-0.499977
-0.500208
-0.500069
0.500275
0.528081
0.499809
0.697483
0.500125
0.499758
-0.500066
-0.500196
0.500133
0.49985
0.250524
-0.486612
-0.546932
-0.499731
0.500038
-0.308005
0.550439
0.500002
0.50006
0.427946
0.499806
0.499946
-0.500101
0.0195841
-0.274642
0.500282
-0.266969
0.499966
0.500055
0.68059
-0.499856
0.500124
-0.499877
-0.333368
0.499595
-0.500258
0.500238
-0.0920841
0.500026
-0.211045
0.499947
0.500123
0.499792
-0.500131
-0.40768
0.50007
0.500134
0.499824
0.500112
