0.500354
0.499511
0.500354
0.500354
0.499484
-0.499646
0.499857
0.499581
-0.499646
-0.499668
-0.499705
0.500355
-0.500462
0.500355
0.500319
0.500337
0.500354
0.499484
0.499727
0.499773
0.499697
0.500333
0.500355
0.500318
0.500354
-0.500608
0.500352
0.500329
0.500354
0.499499
-0.500541
-0.499646
0.499443
-0.500509
0.500355
-0.499646
-0.500489
0.499695
-0.499648
0.500322
0.500296
-0.50049
-0.499646
-0.499646
-0.499648
-0.499648
-0.499646
0.499727
-0.500558
0.499682
0.499502
0.499579
0.499631
0.500352
-0.500542
-0.499647
0.499491
0.499391
-0.499679
0.499452
0.500354
0.499773
0.500353
-0.499681
0.500319
0.499917
-0.499646
0.500355
-0.499705
0.500354
0.499512
-0.500509
-0.499682
0.499614
0.499393
0.500326
0.500349
-0.500518
0.500354
0.500354
0.49951
0.499781
0.499443
-0.499663
0.499581
-0.500227
-0.500517
0.500355
0.500296
-0.500518
0.500355
0.499453
0.499483
0.499695
0.500354
0.499469
0.49958
0.499484
-0.499648
0.49945
-0.499667
-0.500107
0.499727
0.500353
0.500325
0.500355
-0.499649
0.499912
-0.499645
0.499469
0.500333
-0.499704
0.500354
-0.499674
0.499491
0.500326
-0.500418
0.500353
0.499893
-0.499666
0.499893
0.500354
-0.500546
-0.499646
0.499501
0.499484
0.500354
0.500355
0.500333
-0.49968
-0.500137
-0.500273
-0.499645
0.499491
-0.500387
0.500326
-0.500488
0.499695
-0.499646
0.499454
0.500317
0.500296
0.499483
0.499908
-0.499705
-0.500516
0.500321
0.499393
-0.499674
0.499484
-0.500214
-0.499683
-0.499645
0.500352
0.500353
0.499391
-0.499646
0.500354
-0.500509
-0.500083
-0.499646
-0.499647
0.499695
-0.500303
0.499613
0.500319
-0.500509
0.499452
0.500355
-0.499647
0.500355
0.500322
0.499682
0.499484
0.500354
-0.500546
0.500355
-0.499646
0.500354
0.500352
-0.50042
-0.500462
-0.499648
0.499392
-0.500609
0.500321
0.499469
0.500354
0.500353
0.499511
0.499538
0.500347
0.499451
0.499696
0.499581
0.499443
-0.499647
0.499538
-0.499648
0.499581
0.499631
-0.499645
0.499484
0.499912
0.499501
0.500321
-0.499646
-0.499646
-0.500557
0.500354
0.500355
-0.499681
0.500333
-0.499678
-0.500531
0.500355
0.500354
-0.500488
-0.499645
0.500354
-0.499646
0.500322
-0.499646
0.499893
-0.499671
-0.499645
-0.500369
0.500353
0.500295
0.500354
0.499491
0.500352
-0.500548
-0.500516
-0.499652
0.500315
0.500351
-0.499646
-0.50037
0.500354
-0.499646
0.500343
0.500355
0.500354
-0.499646
-0.499646
0.500353
-0.499646
-0.500369
0.499484
-0.499645
-0.500387
0.500353
0.500354
-0.500607
-0.499646
0.499694
-0.499645
-0.499647
0.499459
-0.499645
0.499917
0.499727
0.500333
0.500352
-0.500489
-0.500516
-0.499649
0.499483
0.500354
0.500355
0.500355
-0.499674
0.500355
0.500355
0.500343
0.500355
-0.499646
-0.499647
0.500353
0.49963
0.500354
-0.500462
0.500354
-0.499649
0.499501
0.499697
-0.499648
0.500352
0.500355
-0.500211
0.500354
-0.499673
0.499727
-0.499646
-0.499678
0.499512
0.500332
-0.499647
0.500355
-0.500421
-0.500516
-0.500387
-0.500321
-0.499645
-0.499646
-0.499646
0.500353
0.499694
0.499538
0.500353
0.500355
0.499581
0.500322
0.499663
0.500355
0.500327
0.500355
-0.499646
0.500343
0.499614
0.499449
-0.499681
-0.500607
0.500352
0.500354
-0.500211
-0.500148
-0.499704
-0.500321
0.499387
0.500296
-0.499671
0.499443
-0.500542
-0.500516
0.500352
-0.500488
-0.500516
0.499781
0.500355
-0.499646
-0.499671
0.499443
0.500355
-0.50037
-0.500525
0.500355
-0.500517
-0.499679
-0.500516
0.499863
0.499663
0.499781
0.499663
0.499475
0.500354
-0.500418
-0.50037
0.499697
0.500355
0.499814
-0.499647
-0.499678
-0.500516
0.500352
-0.500546
0.499484
0.500353
0.500354
0.500355
0.500321
0.500354
-0.499646
-0.500517
-0.500354
0.500352
-0.499646
0.499483
0.499392
0.499652
-0.500304
0.499501
-0.500092
-0.500488
0.500352
-0.499704
0.499663
0.499451
0.500326
-0.499645
0.500296
0.499917
0.500354
-0.499646
-0.500558
0.499391
0.500319
0.500337
0.499581
